# OWFS (Little Drink)
BUB_SLOT_ADDRESSES=05.CC0A0E000000,05.33150E000000,05.82170E000000,05.AD190E000000,05.2D1B0E000000

# GPIO (Big Drink)
BUB_VEND_PINS=9,10,11,12,13,14,15 # Vend motors
BUB_STOCKED_PINS=17,18,19,20,21,22,23 # Stocked switches
BUB_LATCH_PIN=16 # Motor cutoff relay. Optional.

# New Drink GPIO
BUB_NEW_VEND_PINS=12,16,20,21
BUB_NEW_STOCK_PINS=4,17,27,22
BUB_NEW_CAM_PINS=5,6,13,19

# Shared
BUB_TEMP_ADDRESS=28.E5930D000000
BUB_DROP_DELAY=1000
BUB_POLL_DELAY=50
