# OWFS (Little Drink)
BUB_SLOT_ADDRESSES=05.CC0A0E000000,05.33150E000000,05.82170E000000,05.AD190E000000,05.2D1B0E000000

# GPIO (Big Drink)
BUB_VEND_PINS=9,10,11,12,13,14,15 # Vend motors
BUB_STOCKED_PINS=17,18,19,20,21,22,23 # Stocked switches
BUB_LATCH_PIN=16 # Motor cutoff relay. Optional.

# Shared
BUB_TEMP_ADDRESS=28.E5930D000000
BUB_DROP_DELAY=1000
