# Little Drink slots:
BUB_SLOT_ADDRESSES=05.CC0A0E000000,05.33150E000000,05.82170E000000,05.AD190E000000,05.2D1B0E000000
BUB_TEMP_ADDRESS=28.E5930D000000
BUB_DROP_DELAY=1000
